Synchronous: 0.26363182067871094 sec

Threading: 0.2958962917327881 sec

Multiprocessing: 0.11763119697570801 sec

